Xinf      :  0.00000000000000E+0000
Xsup      :  1.00000000000000E+0003
Nx        : 4000
Cmod      : 0
Gx        : 650
Gy        : 350
Nschema   : 1
Schema0   : ADER4
Splitting : 2
Esim      : 3
Npt       : 3
Amr       : 1
