TypeMod	:  Square
Synchro : Yes
DeltaF   :  9.00000000000000E-0001
DeltaM   :  9.00000000000000E-0001
DeltaB   :  0.00000000000000E-0001
DeltaZ   :  0.00000000000000E-0001
Freq	  : 32.4
ModC     :  2600
Dephasage0 : No
Dephasage : xct
