TypeMod	:  Sinus
Ratio : 0.5
Synchro : Yes
DeltaF   :  7.500000000000000E-0001
DeltaM   :  7.500000000000000E-0001
Freq	  : 20.0
ModC     :  0.0
Dephasage0 : No
ModC     : 400
Dephasage : xct